pybullet left: [
    [-0.07000002264976501, 1.0, 0.2199999988079071], 
    [-0.4126048982143402, 1.0, 0.2199999988079071], 
    [-0.6500436067581177, 1.0, 0.2199999988079071], 
    [-0.8055432438850403, 1.0, 0.2199999988079071], 
    [-1.0259895324707031, 1.0, 0.2199999988079071], 
    [-1.1711152791976929, 1.0, 0.2199999988079071], 
    [-1.4220240116119385, 1.0, 0.2199999988079071], 
    [-1.5720239877700806, 1.0, 0.2199999988079071]
    ]

pybullet right [
    [0.07000002264976501, 1.0, 0.2199999988079071], 
    [0.4126048982143402, 1.0, 0.2199999988079071], 
    [0.6500436067581177, 1.0, 0.2199999988079071], 
    [0.8055432438850403, 1.0, 0.2199999988079071], 
    [1.0259895324707031, 1.0, 0.2199999988079071], 
    [1.1711152791976929, 1.0, 0.2199999988079071], 
    [1.4220240116119385, 1.0, 0.2199999988079071], 
    [1.6020240783691406, 1.0, 0.2199999988079071]]

rfuniverse left: [
    [-0.07000001519918442, 1.0, 0.2199999988079071], 
    [-0.0700000524520874, 1.0000001192092896, 0.2200000286102295], 
    [-0.41260308027267456, 1.0, 0.21999995410442352], 
    [-0.650041937828064, 0.9999778866767883, 0.21999984979629517], 
    [-0.8055415749549866, 0.9999634027481079, 0.2199997454881668], 
    [-1.0259881019592285, 0.9999304413795471, 0.2199995517730713], 
    [-1.1711138486862183, 0.9999089241027832, 0.2199994921684265], 
    [-1.4220227003097534, 0.9998711347579956, 0.21999934315681458]]

rfuniverse right: [[0.07000000029802322, 1.0, 0.2199999988079071], 
    [0.06999999284744263, 1.0, 0.2199999839067459], 
    [0.4126030504703522, 1.0000001192092896, 0.2199999839067459], 
    [0.6500418782234192, 0.9999662637710571, 0.22000008821487427], 
    [0.8055415749549866, 0.9999440908432007, 0.22000013291835785], 
    [1.025987982749939, 0.9998888969421387, 0.22000034153461456], 
    [1.1711138486862183, 0.9998526573181152, 0.2200004905462265], 
    [1.4220223426818848, 0.9997892379760742, 0.22000059485435486]]